32 32 224 224 -500 -299 1 -9999 9999
0 0 0   0 0 0   0 0 0   0 0 0   0 0 0   0 0 0   0 0 0   0 0 0   0 0 0   0 0 0   0 0 0   0 0 0   0 0 0   0 0 0   0 0 0   0 0 0
0 0 0   0 0 0   0 0 0   0 0 0   0 0 0   0 0 0   0 0 0   0 0 0   0 0 0   0 0 0   0 0 0   0 0 0   0 0 0   0 0 0   0 0 0   0 0 0
0 0 0   0 0 0   0 0 0   0 0 0   0 0 0   0 0 0   0 0 0   0 0 0   0 0 0   0 0 0   0 0 0   0 0 0   0 0 0   24 0 1  0 0 0   0 0 0
0 0 0   0 0 0   0 0 0   10 1 1  10 0 1  0 0 0   0 0 0   0 0 0   0 0 0   0 0 0   0 0 0   0 0 0   0 0 0   0 0 0   0 0 0   0 0 0
0 0 0   0 0 0   0 0 0   10 2 1  10 3 1  0 0 0   0 0 0   0 0 0   0 0 0   0 0 0   0 0 0   0 0 0   0 0 0   0 0 0   0 0 0   0 0 0
0 0 0   0 0 0   0 0 0   0 0 0   0 0 0   0 0 0   0 0 0   0 0 0   0 0 0   0 0 0   0 0 0   0 0 0   0 0 0   0 0 0   0 0 0   0 0 0
0 0 0   0 0 0   0 0 0   0 0 0   0 0 0   0 0 0   0 0 0   2 1 1   2 0 1   0 0 0   0 0 0   0 0 0   0 0 0   0 0 0   0 0 0   0 0 0
0 0 0   0 0 0   0 0 0   0 0 0   0 0 0   0 0 0   2 1 1   3 0 1   3 3 1   2 0 1   0 0 0   0 0 0   0 0 0   0 0 0   0 0 0   0 0 0
0 0 0   0 0 0   0 0 0   0 0 0   0 0 0   0 0 0   2 2 1   3 1 1   3 2 1   2 3 1   0 0 0   0 0 0   0 0 0   0 0 0   0 0 0   0 0 0
0 0 0   0 0 0   0 0 0   0 0 0   0 0 0   0 0 0   0 0 0   2 2 1   2 3 1   0 0 0   0 0 0   0 0 0   0 0 0   0 0 0   0 0 0   0 0 0
0 0 0   0 0 0   0 0 0   0 0 0   0 0 0   0 0 0   0 0 0   0 0 0   0 0 0   0 0 0   0 0 0   0 0 0   0 0 0   0 0 0   0 0 0   0 0 0
0 0 0   0 0 0   0 0 0   0 0 0   0 0 0   0 0 0   0 0 0   0 0 0   0 0 0   0 0 0   0 0 0   10 1 1  10 0 1  0 0 0   0 0 0   0 0 0
0 0 0   0 0 0   0 0 0   0 0 0   0 0 0   0 0 0   0 0 0   0 0 0   0 0 0   0 0 0   0 0 0   10 2 1  10 3 1  0 0 0   0 0 0   0 0 0
0 0 0   0 0 0   24 0 1  0 0 0   0 0 0   0 0 0   0 0 0   0 0 0   0 0 0   0 0 0   0 0 0   0 0 0   0 0 0   0 0 0   0 0 0   0 0 0
0 0 0   0 0 0   0 0 0   0 0 0   0 0 0   0 0 0   0 0 0   0 0 0   0 0 0   0 0 0   0 0 0   0 0 0   0 0 0   0 0 0   0 0 0   0 0 0
0 0 0   0 0 0   0 0 0   0 0 0   0 0 0   0 0 0   0 0 0   0 0 0   0 0 0   0 0 0   0 0 0   0 0 0   0 0 0   0 0 0   0 0 0   0 0 0 